# Ex 2.2

a <- 3 ^ 2 * 4 ^ (1 / 8)

a <- a / 2.33

c <- -8.2 * 10 ^ -13

a * c
